0,273
0,270
3,2
3,1
3,3
10,67
10,180
10,141
66,8
66,7
66,6
66,5
66,4
66,3
66,2
10,18
10,226
66,1
66,0
62,4
62,3
62,2
10,205
10,195
10,230
10,2
10,3
11,23
11,7
11,8
11,14
11,9
11,15
11,4
11,2
11,3
9,7
9,4
9,1
9,6
9,2
9,3
8,6
62,1
62,0
46,3
8,8
8,2
8,3
46,2
46,1
12,1
12,3
35,3
35,1
33,3
20,2
20,1
20,3
33,2
33,1
17,3
19,2
17,2
19,1
17,1
16,3
16,2
19,3
16,1
15,3
15,2
15,1
14,2
13,2
12,2
11,29
11,24
11,22
11,21
11,17
11,1
11,16
10,300
10,249
10,196
10,170
10,102
10,100
10,89
10,1
10,83
8,17
8,16
8,13
8,12
8,5
8,1
8,4
7,13
7,12
7,10
7,9
7,6
7,4
7,3
7,2
